AIMSum (Version 19.10.12, Professional)
Copyright (c) 1997-2019 by Todd A. Keith
AIMSum is a component of the AIMAll package ( http://aim.tkgristmill.com )

TP:  64-bit Linux

Licensed To:  Paul Popelier at University of Manchester, UK

Much of the Quantum Theory of Atoms in Molecules (QTAIM) is described in the book:
  "Atoms in Molecules - A Quantum Theory"
  R.F.W. Bader, Oxford University Press, Oxford, 1990

For additional references see:  http://aim.tkgristmill.com/references.html

Wfn File:  /gpfs01/scratch/mbdxwym4/urea_631g_sample_set_5000K/10k_random_sample_set_5000K_PARENT/10k_random_sample_set_5000K1/10k_random_sample_set_5000K05001/10k_random_sample_set_5000K05001.wfn
Sum File:  /gpfs01/scratch/mbdxwym4/urea_631g_sample_set_5000K/10k_random_sample_set_5000K_PARENT/10k_random_sample_set_5000K1/10k_random_sample_set_5000K05001/10k_random_sample_set_5000K05001.sum

SumViz File:  /gpfs01/scratch/mbdxwym4/urea_631g_sample_set_5000K/10k_random_sample_set_5000K_PARENT/10k_random_sample_set_5000K1/10k_random_sample_set_5000K05001/10k_random_sample_set_5000K05001.sumviz

Wfn Title:  10k_random_sample_set_5000K05001

Total memory allocated for AIMSum =        0.425 Megabytes

Atomic units (a.u.) used throughout, except where stated otherwise

Model:  Restricted B3LYP

Restricted, closed-shell, single-determinant wavefunction.
  Number of electrons (from MO Occs)                   =          32.0000000000
  Number of Alpha electrons (from MO Occs)             =          16.0000000000
  Number of Beta electrons (from MO Occs)              =          16.0000000000
  Number of electron pairs (N*(N-1)/2)                 =         496.0000000000
  Number of electron pairs (from Muller 2EDM)          =         496.0000000000

Nuclear Charges and Cartesian Coordinates:
-------------------------------------------------------------------------------
Atom      Charge                X                  Y                  Z
-------------------------------------------------------------------------------
C1         6.0           2.6456166000E-01   5.1003708100E+00   1.7026432400E+00
O2         8.0          -9.2218635000E-01   6.1605071700E+00   3.5621337400E+00
N3         7.0           2.1958617600E+00   3.7586652600E+00   2.7155364400E+00
N4         7.0           1.1300562200E+00   6.2531037500E+00  -4.0440139000E-01
H5         1.0           2.0238966800E+00   7.5267791500E+00   8.1825141000E-01
H6         1.0           2.7382131500E+00   5.6880756300E+00  -4.3085756000E-01
H7         1.0           2.2582227200E+00   3.7038632000E+00   4.6222701000E+00
H8         1.0           3.5111111400E+00   3.7926803300E+00   1.9539768100E+00

Some Atomic Properties:
----------------------
  q(A) = Net Charge of Atom A
  L(A) = Lagrangian of Atom A = -(1/4) Times Atomic Integral of the Laplacian of the Electron Density
  K(A) = Electronic Kinetic Energy of Atom A (Hamiltonian Form)
  K_Scaled(A) = K(A) * E(Mol)/K(Mol) = Approximation to Virial-Based Total Energy of Atom A.
  |Mu_Intra(A)| = Magnitude of Intraatomic Dipole Moment of Atom A
--------------------------------------------------------------------------------------------------
Atom A          q(A)              L(A)              K(A)          K_Scaled(A)      |Mu_Intra(A)|
--------------------------------------------------------------------------------------------------
C1        1.7951873342E+00 -3.5582385789E-04  3.6651177053E+01 -3.6805314311E+01  4.6618524864E-01
O2       -1.0655877102E+00  2.8502512661E-05  7.5052982285E+01 -7.5368619103E+01  2.9026265968E-01
N3       -1.2743108248E+00  2.0734744561E-05  5.5387445192E+01 -5.5620378200E+01  1.8266232247E-01
N4       -1.0891989603E+00 -1.2319874049E-04  5.5035310738E+01 -5.5266762838E+01  1.9273543993E-01
H5        3.8484703203E-01  5.3017900125E-05  4.8249999135E-01 -4.8452915471E-01  1.7299146428E-01
H6        3.8299508315E-01  8.0044141993E-05  5.4371031094E-01 -5.4599689553E-01  2.0449434231E-01
H7        4.5163080956E-01  2.7237885706E-05  4.3021467548E-01 -4.3202395190E-01  1.7046631860E-01
H8        4.1412720197E-01  3.2401125593E-05  5.5541212641E-01 -5.5774792321E-01  2.1868660343E-01
--------------------------------------------------------------------------------------------------
Total    -3.1003439000E-04 -2.3708428774E-04  2.2413875237E+02 -2.2508137238E+02

1st Largest |L(A)| = 3.5582385789E-04, atom C1
2nd Largest |L(A)| = 1.2319874049E-04, atom N4

Molecular charge q(Mol) from the wfn file:   0.0000000000E+00
Molecular energy E(Mol) from the wfn file:  -2.2508138478E+02
Molecular virial ratio (-V(Mol)/T(Mol)) from the wfn file:   2.0042055200E+00
Note.  K_Scaled(A) = (1+V(Mol)/T(Mol))*K(A) = (E(Mol)/T(Mol))*K(A)
       Only use K_Scaled(A) data with caution.

N_AIMInt(SumA)     =         32.000310
N_Analytic(Mol)    =         31.999997

G_AIMInt(SumA)     =        224.138989
G_Analytic(Mol)    =        224.138757

K_AIMInt(SumA)     =        224.138752
K_Analytic(Mol)    =        224.138757

L_AIMInt(SumA)     =         -0.000237
L_Analytic(Mol)    =          0.000000

VenT_AIMInt(SumA)  =       -783.894656
VenT_Analytic(Mol) =       -783.891395

Some Information About the Atomic Calculations:
----------------------------------------------
  Time(sec) = "Elapsed User Time", in Seconds, for Atom A by AIMInt and, if used, by TWOe
  NProc = Number of Processors Used for AIMInt Job
  BIM = Basin Integration Method
  OAQ = Angular Quadrature Outside of Beta Sphere
  ORQ = Multiple of Default for Radial Quadrature Outside of Beta Sphere
  IAQ = Multiple of Default for Angular Quadrature Inside of Beta Sphere
  IRQ = Multiple of Default for Radial Quadrature Inside of Beta Sphere
  MIR = Maximum Integration Radius
------------------------------------------------------------------------------------------------------
Atom A     Time(sec)   NProc      BIM          OAQ                     ORQ      IAQ      IRQ      MIR
------------------------------------------------------------------------------------------------------
C1             91        2     Proaim(5)    6300(GS6)                  Auto     Auto     Auto    13.00
O2             83        2     Proaim(5)    2700(GS4)                  Auto     Auto     Auto    13.00
N3            104        2     Proaim(5)    4500(GS4)                  Auto     Auto     Auto    13.00
N4            107        2     Proaim(5)    4500(GS4)                  Auto     Auto     Auto    13.00
H5             24        2     Proaim(5)    1800(GS4)                  Auto     Auto     Auto    13.00
H6             23        2     Proaim(5)    1800(GS4)                  Auto     Auto     Auto    13.00
H7             23        2     Proaim(5)    1800(GS4)                  Auto     Auto     Auto    13.00
H8             24        2     Proaim(5)    1800(GS4)                  Auto     Auto     Auto    13.00
------------------------------------------------------------------------------------------------------
Total         479
Note:  Total wall clock time is less than total of atomic times if more than one atom
       was calculated at a time

Electron Density Critical Point Analysis of Molecular Structure:
---------------------------------------------------------------
  NACP = Nuclear Attractor Critical Point
  NNACP = Non-Nuclear Attractor Critical Point
  BCP = Bond Critical Point
  RCP = Ring Critical Point
  CCP = Cage Critical Point
  Rho = Electron Density
  GradRho = Gradient of Electron Density
  HessRho_EigVals = Eigenvalues of the Hessian of Rho, Ascending Order
  HessRho_EigVecs = Eigenvectors of the Hessian of Rho
  DelSqRho = Laplacian of Rho = Trace of Hessian of Rho
  Bond Ellipticity = (HessRho_EigVal(1) / HessRho_EigVal(2)) - 1
  V = Virial Field = Potential Energy Density = Trace of Stress Tensor
  G = Lagrangian Form of Kinetic Energy Density
  K = Hamiltonian Form of Kinetic Energy Density
  L = K - G = Lagrangian Density = (-1/4)DelSqRho
  Vnuc = Electrostatic Potential from Nuclei
  Ven = Electron-nuclear attractive contribution to Virial Field V
  Vrep = V - Ven = Repulsive contribution to Virial Field V
  DelSqV = Laplacian of V
  DelSqVen = Laplacian of Ven
  DelSqVrep = Laplacian of Vrep
  DelSqG = Laplacian of G
  DelSqK = Laplacian of K
  Stress_EigVals = Eigenvalues of Stress Tensor, Ascending Order
  Stress_EigVecs = Eigenvectors of Stress Tensor
  -DivStress = Ehrenfest Force Density = Minus Divergence of Stress Tensor
  ESP = Total Electrostatic Potential
  ESPe = Electrostatic Potential from Electrons
  ESPn = Electrostatic Potential from Nuclei
  BP = Bond Path
  BPL = Bond Path Length
  GBL = Geometric Bond Length
  GBL_I = Distance Between Nuclear Attractors
  GBL_II = Distance Between Nuclei
  GBL_III = Sum of Distances Between BCP and Nuclear Attractors
  GBL_IV = Sum of Distances Between BCP and Nuclei

CP# 1      Coords =  2.64561694832627E-01  5.10036896120039E+00  1.70264353147602E+00
           Type = (3,-3) NACP C1
           Rho =  1.1768741359E+02     Rho at Nucleus =  1.1768741334E+02
           GradRho =  4.6202042192E-11 -1.4337375731E-09  2.2610519013E-10
           HessRho_EigVals = -1.4499862341E+05 -1.4499719680E+05 -1.4499684201E+05
           HessRho_EigVec1 =  5.9742475638E-01  7.2193280020E-01  3.4913706830E-01
           HessRho_EigVec2 =  5.5111289662E-01 -6.8588774868E-01  4.7521844597E-01
           HessRho_EigVec3 = -5.8254462116E-01  9.1493323281E-02  8.0763279784E-01
           DelSqRho = -4.3499266223E+05
           Bond Ellipticity = NA
           V = -1.0875805574E+05
           G =  4.9450908487E+00
           K =  1.0875311065E+05
           L =  1.0874816556E+05
           Vnuc =  3.2052078312E+06
           Ven = -3.7721261969E+08
           Vrep =  3.7710386163E+08
           DelSqV =  2.4951192149E+09
           DelSqVen =  1.3942418964E+12
           DelSqVrep = -1.3917467772E+12
           DelSqG =  1.3400510943E+08
           DelSqK = -2.6291243243E+09
           Stress_EigVals = -3.6253033709E+04 -3.6252800941E+04 -3.6252221089E+04
           Stress_EigVec1 = -5.7147929127E-01  7.0595448661E-02  8.1757427936E-01
           Stress_EigVec2 =  5.6395218022E-01 -6.8996075312E-01  4.5377538231E-01
           Stress_EigVec3 =  5.9612864222E-01  7.2039603121E-01  3.5448582501E-01
           -DivStress = -1.9880652422E+01  1.5066730928E+03 -2.3716205592E+02
           ESP =  -1.4582122245E+01     ESP at Nucleus =  -1.4582122266E+01
           ESPe = -2.4495997997E+01     ESPe at Nucleus = -2.4495998845E+01
           ESPn =  9.9138757522E+00     ESPn at Nucleus =  9.9138765791E+00

CP# 2      Coords = -9.22183191220644E-01  6.16050282501483E+00  3.56212573896188E+00
           Type = (3,-3) NACP O2
           Rho =  2.9034370136E+02     Rho at Nucleus =  2.9034367163E+02
           GradRho =  1.8935894519E-11  1.1309264636E-10 -1.1797496313E-10
           HessRho_EigVals = -6.4026066290E+05 -6.4024925383E+05 -6.4023353261E+05
           HessRho_EigVec1 =  6.9468587849E-02  6.5113070215E-01  7.5577967955E-01
           HessRho_EigVec2 =  8.6633219513E-01  3.3625474025E-01 -3.6932543554E-01
           HessRho_EigVec3 =  4.9461363000E-01 -6.8041278528E-01  5.4073634855E-01
           DelSqRho = -1.9207434493E+06
           Bond Ellipticity = NA
           V = -4.8027780710E+05
           G =  4.5972383440E+01
           K =  4.8023183472E+05
           L =  4.8018586233E+05
           Vnuc =  8.3013320245E+05
           Ven = -2.4102394662E+08
           Vrep =  2.4054366881E+08
           DelSqV =  1.9806849189E+10
           DelSqVen =  1.5944729103E+12
           DelSqVrep = -1.5746660611E+12
           DelSqG =  1.0591815002E+09
           DelSqK = -2.0866030689E+10
           Stress_EigVals = -1.6009616826E+05 -1.6009228714E+05 -1.6008935170E+05
           Stress_EigVec1 =  4.9673933819E-01 -6.8070316252E-01  5.3841734223E-01
           Stress_EigVec2 =  8.6548639468E-01  3.4228284149E-01 -3.6575368358E-01
           Stress_EigVec3 =  6.4678671309E-02  6.4767712709E-01  7.5916467814E-01
           -DivStress = -2.0362633471E+04  2.7975400488E+04  5.1559547625E+04
           ESP =  -2.2330612335E+01     ESP at Nucleus =  -2.2330613337E+01
           ESPe = -2.8937207192E+01     ESPe at Nucleus = -2.8937191777E+01
           ESPn =  6.6065948573E+00     ESPn at Nucleus =  6.6065784396E+00

CP# 3      Coords =  2.19586071168174E+00  3.75866618788813E+00  2.71553776839784E+00
           Type = (3,-3) NACP N3
           Rho =  1.9075947822E+02     Rho at Nucleus =  1.9075947762E+02
           GradRho = -2.4852666591E-09  2.4115218711E-09  3.3380762599E-09
           HessRho_EigVals = -3.2101070630E+05 -3.2100838991E+05 -3.2100136279E+05
           HessRho_EigVec1 =  6.4826146474E-01 -1.8813051835E-01  7.3781026111E-01
           HessRho_EigVec2 =  7.4888369821E-01 -1.7561112085E-02 -6.6246872673E-01
           HessRho_EigVec3 =  1.3758735365E-01  9.8198702405E-01  1.2950368609E-01
           DelSqRho = -9.6302045900E+05
           Bond Ellipticity = NA
           V = -2.4079215133E+05
           G =  1.8518290974E+01
           K =  2.4077363304E+05
           L =  2.4075511475E+05
           Vnuc =  3.6271024334E+06
           Ven = -6.9190416766E+08
           Vrep =  6.9166337551E+08
           DelSqV =  7.5604993134E+09
           DelSqVen =  3.4929737564E+12
           DelSqVrep = -3.4854132571E+12
           DelSqG =  4.0523737052E+08
           DelSqK = -7.9657366839E+09
           Stress_EigVals = -8.0265117865E+04 -8.0263898942E+04 -8.0263134526E+04
           Stress_EigVec1 =  1.2864596297E-01  9.8517265612E-01  1.1351235107E-01
           Stress_EigVec2 =  7.8114400924E-01 -3.0149195962E-02 -6.2362253232E-01
           Stress_EigVec3 =  6.1095356047E-01 -1.6889601421E-01  7.7344029074E-01
           -DivStress =  2.6222656808E+03 -2.2553095460E+03 -3.2724092983E+03
           ESP =  -1.8331716276E+01     ESP at Nucleus =  -1.8331716225E+01
           ESPe = -2.6041999742E+01     ESPe at Nucleus = -2.6041998628E+01
           ESPn =  7.7102834665E+00     ESPn at Nucleus =  7.7102824030E+00

CP# 4      Coords =  1.13006179187593E+00  6.25310135294357E+00 -4.04391110580467E-01
           Type = (3,-3) NACP N4
           Rho =  1.9103755806E+02     Rho at Nucleus =  1.9103753516E+02
           GradRho =  8.5847995379E-12 -1.2020695550E-10 -5.5714322045E-12
           HessRho_EigVals = -3.2147033584E+05 -3.2146723915E+05 -3.2146140315E+05
           HessRho_EigVec1 =  7.8237526620E-01  5.9532635762E-01 -1.8296303112E-01
           HessRho_EigVec2 = -3.2755127841E-01  6.4317781275E-01  6.9212170982E-01
           HessRho_EigVec3 =  5.2971605870E-01 -4.8156913222E-01  6.9820632197E-01
           DelSqRho = -9.6439897815E+05
           Bond Ellipticity = NA
           V = -2.4113469761E+05
           G =  1.7476537321E+01
           K =  2.4111722107E+05
           L =  2.4109974454E+05
           Vnuc =  5.8648894530E+05
           Ven = -1.1204141594E+08
           Vrep =  1.1180028124E+08
           DelSqV =  7.5712160942E+09
           DelSqVen =  5.6560933875E+11
           DelSqVrep = -5.5803812253E+11
           DelSqG =  4.0580043895E+08
           DelSqK = -7.9770165332E+09
           Stress_EigVals = -8.0379286996E+04 -8.0378035449E+04 -8.0377375166E+04
           Stress_EigVec1 =  5.6232543767E-01 -5.1951303456E-01  6.4334773573E-01
           Stress_EigVec2 = -3.7169472592E-01  5.3618264233E-01  7.5785962077E-01
           Stress_EigVec3 = -7.3866984024E-01 -6.6529270324E-01  1.0840888402E-01
           -DivStress = -1.3699279409E+04  5.9080599022E+03 -2.5317960808E+04
           ESP =  -1.8322525306E+01     ESP at Nucleus =  -1.8322526539E+01
           ESPe = -2.5663302049E+01     ESPe at Nucleus = -2.5663284364E+01
           ESPn =  7.3407767435E+00     ESPn at Nucleus =  7.3407578258E+00

CP# 5      Coords =  2.00159944886835E+00  7.49492115916298E+00  7.88963450057932E-01
           Type = (3,-3) NACP H5
           Rho =  4.1241327009E-01     Rho at Nucleus =  4.0562664705E-01
           GradRho = -1.9191258426E-09 -2.7235059659E-09 -2.5212084373E-09
           HessRho_EigVals = -6.3614372670E+00 -6.3546408228E+00 -5.4311232643E+00
           HessRho_EigVec1 = -7.4479208249E-01 -8.4213287590E-02  6.6196138563E-01
           HessRho_EigVec2 =  4.7757907897E-01 -7.6010191349E-01  4.4063965372E-01
           HessRho_EigVec3 =  4.6605040199E-01  6.4432383419E-01  6.0633639137E-01
           DelSqRho = -1.8147201354E+01
           Bond Ellipticity = NA
           V = -4.5841223170E+00
           G =  2.3660989211E-02
           K =  4.5604613277E+00
           L =  4.5368003385E+00
           Vnuc =  3.0514086214E+01
           Ven = -1.2584414079E+01
           Vrep =  8.0002917622E+00
           DelSqV =  6.7399882262E+02
           DelSqVen =  5.5374527016E+02
           DelSqVrep =  1.2025355245E+02
           DelSqG =  6.7636473949E+01
           DelSqK = -7.4163529657E+02
           Stress_EigVals = -1.6100579356E+00 -1.6071639381E+00 -1.3669004433E+00
           Stress_EigVec1 =  4.1281218747E-01 -7.7081911277E-01  4.8520510433E-01
           Stress_EigVec2 = -7.7643323675E-01 -1.9315477900E-02  6.2990343799E-01
           Stress_EigVec3 =  4.7616964073E-01  6.3676118577E-01  6.0646324336E-01
           -DivStress =  4.8513555409E+00  6.8514573459E+00  6.3412389701E+00
           ESP =  -9.6304893725E-01     ESP at Nucleus =  -9.6592477707E-01
           ESPe = -1.0935426026E+01     ESPe at Nucleus = -1.0815832163E+01
           ESPn =  9.9723770883E+00     ESPn at Nucleus =  9.8499073855E+00

CP# 6      Coords =  2.67677701935112E+00  5.70644053758068E+00 -4.28162618498690E-01
           Type = (3,-3) NACP H6
           Rho =  5.3063283956E-01     Rho at Nucleus =  5.1704336384E-01
           GradRho = -9.2712221927E-10  2.7982612061E-10  3.5705827184E-11
           HessRho_EigVals = -7.6339179763E+00 -7.6066042410E+00 -5.9954135881E+00
           HessRho_EigVec1 =  2.0118021027E-01  7.2561624677E-01 -6.5803311879E-01
           HessRho_EigVec2 =  2.1275350120E-01  6.2336404261E-01  7.5243153716E-01
           HessRho_EigVec3 =  9.5617073304E-01 -2.9137318478E-01 -2.8968887862E-02
           DelSqRho = -2.1235935805E+01
           Bond Ellipticity = NA
           V = -5.3972100579E+00
           G =  4.4113053300E-02
           K =  5.3530970046E+00
           L =  5.3089839513E+00
           Vnuc =  2.5974385803E+01
           Ven = -1.3782862095E+01
           Vrep =  8.3856520366E+00
           DelSqV =  7.5345054781E+02
           DelSqVen =  5.5159038996E+02
           DelSqVrep =  2.0186015785E+02
           DelSqG =  7.2912389167E+01
           DelSqK = -8.2636293698E+02
           Stress_EigVals = -1.9447029503E+00 -1.9405814107E+00 -1.5119256969E+00
           Stress_EigVec1 =  6.9333788386E-02  1.3711806869E-01  9.8812522538E-01
           Stress_EigVec2 =  2.7565311202E-01  9.4931136826E-01 -1.5107378307E-01
           Stress_EigVec3 =  9.5875345508E-01 -2.8285431114E-01 -2.8022331170E-02
           -DivStress =  1.5307442951E+01 -4.5342922390E+00 -6.2798689514E-01
           ESP =  -9.6976479783E-01     ESP at Nucleus =  -9.8656198250E-01
           ESPe = -1.1362704633E+01     ESPe at Nucleus = -1.1178193532E+01
           ESPn =  1.0392939835E+01     ESPn at Nucleus =  1.0191631550E+01

CP# 7      Coords =  2.25754523131531E+00  3.70538073211499E+00  4.56429298697298E+00
           Type = (3,-3) NACP H7
           Rho =  4.1497082603E-01     Rho at Nucleus =  4.0583448395E-01
           GradRho = -7.8062556419E-16  1.8110513089E-15 -7.5345979456E-14
           HessRho_EigVals = -6.1793480428E+00 -6.1490514254E+00 -5.0288210129E+00
           HessRho_EigVec1 =  9.6039263335E-01 -2.7692820659E-01 -3.0931508289E-02
           HessRho_EigVec2 =  2.7768596941E-01  9.6038124627E-01  2.3629731460E-02
           HessRho_EigVec3 =  2.3162301324E-02 -3.1283065887E-02  9.9924215163E-01
           DelSqRho = -1.7357220481E+01
           Bond Ellipticity = NA
           V = -4.3747808962E+00
           G =  1.7737887981E-02
           K =  4.3570430083E+00
           L =  4.3393051203E+00
           Vnuc =  2.6499459025E+01
           Ven = -1.0996502401E+01
           Vrep =  6.6217215047E+00
           DelSqV =  6.2962582433E+02
           DelSqVen =  4.5995695292E+02
           DelSqVrep =  1.6966887141E+02
           DelSqG =  6.1527447929E+01
           DelSqK = -6.9115327226E+02
           Stress_EigVals = -1.5584644920E+00 -1.5538070697E+00 -1.2625093345E+00
           Stress_EigVec1 =  1.7743679057E-01  9.8377981895E-01  2.6333499052E-02
           Stress_EigVec2 =  9.8389004739E-01 -1.7673605912E-01 -2.6920996471E-02
           Stress_EigVec3 =  2.1830254189E-02 -3.0686042843E-02  9.9929065180E-01
           -DivStress =  1.4236181753E-01 -3.1694854219E-01  1.1953011546E+01
           ESP =  -9.9886848777E-01     ESP at Nucleus =  -1.0028819294E+00
           ESPe = -1.0257223754E+01     ESPe at Nucleus = -1.0099537539E+01
           ESPn =  9.2583552663E+00     ESPn at Nucleus =  9.0966556092E+00

CP# 8      Coords =  3.44116059503162E+00  3.79200721967500E+00  1.99313583662184E+00
           Type = (3,-3) NACP H8
           Rho =  6.2335965900E-01     Rho at Nucleus =  6.0111017039E-01
           GradRho = -1.8986742734E-11 -2.3941265637E-13  1.0686540194E-11
           HessRho_EigVals = -8.4117813058E+00 -8.3216038560E+00 -5.9088620580E+00
           HessRho_EigVec1 = -4.8033010512E-01  2.4423944311E-01 -8.4239544428E-01
           HessRho_EigVec2 =  1.0947305463E-01  9.6963004386E-01  2.1870808935E-01
           HessRho_EigVec3 =  8.7022907353E-01  1.2832477057E-02 -4.9248013880E-01
           DelSqRho = -2.2642247220E+01
           Bond Ellipticity = NA
           V = -5.7848067832E+00
           G =  6.2122489152E-02
           K =  5.7226842941E+00
           L =  5.6605618049E+00
           Vnuc =  2.3205558352E+01
           Ven = -1.4465408941E+01
           Vrep =  8.6806021582E+00
           DelSqV =  7.5731982671E+02
           DelSqVen =  5.2542598909E+02
           DelSqVrep =  2.3189383762E+02
           DelSqG =  7.1816886781E+01
           DelSqK = -8.2913671349E+02
           Stress_EigVals = -2.1564292142E+00 -2.1403800760E+00 -1.4879974930E+00
           Stress_EigVec1 =  1.0191624260E-01  9.7224800918E-01  2.1058700847E-01
           Stress_EigVec2 =  4.8343094295E-01 -2.3341717628E-01  8.4368889125E-01
           Stress_EigVec3 =  8.6942946976E-01  1.5818674358E-02 -4.9380377343E-01
           -DivStress =  1.8330008969E+01  1.9771117120E-01 -1.0274785349E+01
           ESP =  -9.3129382940E-01     ESP at Nucleus =  -9.7640732906E-01
           ESPe = -1.1663098567E+01     ESPe at Nucleus = -1.1387323924E+01
           ESPn =  1.0731804738E+01     ESPn at Nucleus =  1.0410916595E+01

CP# 9      Coords = -1.76686280921632E-01  5.45915838718385E+00  2.32207573505206E+00
           Type = (3,-1) BCP O2 C1
           Rho =  3.5979712894E-01
           GradRho = -1.9428902931E-16  5.5511151231E-17  5.1347814889E-16
           HessRho_EigVals = -8.4731762936E-01 -7.5679412531E-01  8.6720301883E-01
           HessRho_EigVec1 = -3.8300281047E-01  6.7399199384E-01 -6.3169901014E-01
           HessRho_EigVec2 =  8.0447893230E-01  5.7946747905E-01  1.3050321152E-01
           HessRho_EigVec3 = -4.5400715265E-01  4.5820544842E-01  7.6415003263E-01
           DelSqRho = -7.3690873584E-01
           Bond Ellipticity =  1.1961443809E-01
           V = -1.0376661046E+00
           G =  4.2671946032E-01
           K =  6.1094664428E-01
           L =  1.8422718396E-01
           Vnuc =  1.7782395567E+01
           Ven = -6.3980548708E+00
           Vrep =  5.3603887662E+00
           DelSqV = -5.1342738191E+00
           DelSqVen =  1.3104002638E+01
           DelSqVrep = -1.8238276457E+01
           DelSqG =  1.5295741235E+01
           DelSqK = -1.0161467416E+01
           Stress_EigVals = -4.5622668345E-01 -4.4325454520E-01 -1.3818487595E-01
           Stress_EigVec1 =  8.6368109045E-01  4.6771360207E-01  1.8788017575E-01
           Stress_EigVec2 = -2.8739029098E-01  7.6318198309E-01 -5.7875735964E-01
           Stress_EigVec3 = -4.1407945451E-01  4.4586684910E-01  7.9356219556E-01
           -DivStress =  6.5723789871E-01 -5.2878956339E-01 -9.1835993259E-01
           ESP =   1.9385869178E+00
           ESPe = -1.5843808649E+01
           ESPn =  1.7782395567E+01
           BPL =  2.4564228380E+00 =  1.6151747660E+00 +  8.4124807200E-01
           GBL_I =  2.4474315749E+00
           GBL_II =  2.4474404713E+00
           GBL_III =  2.4488174958E+00 =  1.6079097226E+00 +  8.4090777326E-01
           GBL_IV =  2.4488264338E+00 =  1.6079192529E+00 +  8.4090718087E-01
             66 sample points along path from BCP to atom O2
            -1.7668628092E-01   5.4591583872E+00   2.3220757351E+00   3.5979712894E-01
            -1.8794035416E-01   5.4706405993E+00   2.3412199436E+00   3.6004804995E-01
            -1.9901447388E-01   5.4821690521E+00   2.3604411680E+00   3.6073479835E-01
            -2.0992602050E-01   5.4937321291E+00   2.3797344602E+00   3.6178547833E-01
            -2.2070239345E-01   5.5053163975E+00   2.3990909319E+00   3.6315697932E-01
            -2.3137160449E-01   5.5169094329E+00   2.4185014585E+00   3.6482776555E-01
            -2.4196052604E-01   5.5285004419E+00   2.4379571191E+00   3.6679251684E-01
            -2.5249319812E-01   5.5400806802E+00   2.4574496978E+00   3.6905811866E-01
            -2.6298978277E-01   5.5516435723E+00   2.4769720204E+00   3.7164064554E-01
            -2.7346619354E-01   5.5631845872E+00   2.4965181120E+00   3.7456308695E-01
            -2.8393425724E-01   5.5747009554E+00   2.5160832041E+00   3.7785363731E-01
            -2.9440220831E-01   5.5861913186E+00   2.5356636402E+00   3.8154442101E-01
            -3.0487533075E-01   5.5976553770E+00   2.5552567257E+00   3.8567055424E-01
            -3.1535661209E-01   5.6090935769E+00   2.5748605584E+00   3.9026946430E-01
            -3.2584732804E-01   5.6205068572E+00   2.5944738664E+00   3.9538039869E-01
            -3.3634752063E-01   5.6318964584E+00   2.6140958663E+00   4.0104406202E-01
            -3.4685636213E-01   5.6432637878E+00   2.6337261497E+00   4.0730232333E-01
            -3.5737241281E-01   5.6546103310E+00   2.6533645965E+00   4.1419793858E-01
            -3.6789378767E-01   5.6659376012E+00   2.6730113159E+00   4.2177423565E-01
            -3.7841824893E-01   5.6772471145E+00   2.6926666102E+00   4.3007471156E-01
            -3.8894323914E-01   5.6885403855E+00   2.7123309583E+00   4.3914249494E-01
            -3.9946586759E-01   5.6998189365E+00   2.7320050161E+00   4.4901963112E-01
            -4.0998285946E-01   5.7110843156E+00   2.7516896317E+00   4.5974615340E-01
            -4.2049047478E-01   5.7223381202E+00   2.7713858716E+00   4.7135891312E-01
            -4.3098440120E-01   5.7335820249E+00   2.7910950591E+00   4.8389015400E-01
            -4.4145962323E-01   5.7448178094E+00   2.8108188216E+00   4.9736583513E-01
            -4.5191026826E-01   5.7560473883E+00   2.8305591480E+00   5.1180373368E-01
            -4.6232942952E-01   5.7672728376E+00   2.8503184554E+00   5.2721139599E-01
            -4.7270896572E-01   5.7784964183E+00   2.8700996651E+00   5.4358405752E-01
            -4.8303928005E-01   5.7897205920E+00   2.8899062858E+00   5.6090272122E-01
            -4.9330908674E-01   5.8009480219E+00   2.9097425010E+00   5.7913267422E-01
            -5.0350518646E-01   5.8121815487E+00   2.9296132525E+00   5.9822283778E-01
            -5.1361229668E-01   5.8234241225E+00   2.9495243025E+00   6.1810648832E-01
            -5.2361302995E-01   5.8346786591E+00   2.9694822435E+00   6.3870406395E-01
            -5.3348819759E-01   5.8459477751E+00   2.9894943967E+00   6.5992898897E-01
            -5.4321776249E-01   5.8572333285E+00   3.0095684963E+00   6.8169772637E-01
            -5.5278299911E-01   5.8685356678E+00   3.0297119930E+00   7.0394564000E-01
            -5.6217074673E-01   5.8798524806E+00   3.0499307156E+00   7.2665078127E-01
            -5.7138096265E-01   5.8911771690E+00   3.0702265394E+00   7.4986854918E-01
            -5.8043870321E-01   5.9024968406E+00   3.0905936855E+00   7.7378160531E-01
            -5.8941024131E-01   5.9137903505E+00   3.1110134739E+00   7.9877210118E-01
            -5.9841892014E-01   5.9250273327E+00   3.1314480585E+00   8.2552840946E-01
            -6.0764956308E-01   5.9361695122E+00   3.1518352172E+00   8.5520773157E-01
            -6.1732621148E-01   5.9471753590E+00   3.1720886893E+00   8.8968949420E-01
            -6.2765810528E-01   5.9580080616E+00   3.1921099261E+00   9.3196861710E-01
            -6.3877596518E-01   5.9686447638E+00   3.2118123428E+00   9.8674608601E-01
            -6.5069884002E-01   5.9790826705E+00   3.2311470284E+00   1.0612771667E+00
            -6.6335070307E-01   5.9893380703E+00   3.2501129762E+00   1.1665458486E+00
            -6.7660619390E-01   5.9994391082E+00   3.2687470305E+00   1.3188556574E+00
            -6.9033299984E-01   6.0094172010E+00   3.2871043889E+00   1.5419724406E+00
            -7.0441573682E-01   6.0193010627E+00   3.3052420414E+00   1.8700813635E+00
            -7.1876352225E-01   6.0291141323E+00   3.3232097438E+00   2.3521576774E+00
            -7.3330857528E-01   6.0388743529E+00   3.3410472300E+00   3.0590434347E+00
            -7.4800142788E-01   6.0485950688E+00   3.3587849214E+00   4.0955369014E+00
            -7.6280567742E-01   6.0582862285E+00   3.3764460208E+00   5.6205704706E+00
            -7.7769362492E-01   6.0679554518E+00   3.3940487045E+00   7.8776282263E+00
            -7.9264339531E-01   6.0776087492E+00   3.4116076868E+00   1.1233186596E+01
            -8.0763755495E-01   6.0872508733E+00   3.4291349354E+00   1.6215944541E+01
            -8.2266262290E-01   6.0968854628E+00   3.4466398471E+00   2.3565009359E+01
            -8.3770858655E-01   6.1065152093E+00   3.4641294704E+00   3.4367800358E+01
            -8.5276792529E-01   6.1161421409E+00   3.4816091297E+00   5.0415777866E+01
            -8.6783465834E-01   6.1257678473E+00   3.4990830911E+00   7.4495269781E+01
            -8.8290416828E-01   6.1353935108E+00   3.5165546816E+00   1.0996056772E+02
            -8.9797250492E-01   6.1450202135E+00   3.5340267114E+00   1.6331911723E+02
            -9.1303563525E-01   6.1546491240E+00   3.5515020133E+00   2.4245503437E+02
            -9.2218319122E-01   6.1605028250E+00   3.5621257390E+00   2.9034370136E+02
             35 sample points along path from BCP to atom C1
            -1.7668628092E-01   5.4591583872E+00   2.3220757351E+00   3.5979712894E-01
            -1.6523565829E-01   5.4477338600E+00   2.3030137599E+00   3.6009247457E-01
            -1.5357943731E-01   5.4363763307E+00   2.2840365598E+00   3.6109633739E-01
            -1.4170873639E-01   5.4250950318E+00   2.2651470422E+00   3.6304086730E-01
            -1.2962844693E-01   5.4138940541E+00   2.2463427847E+00   3.6625275094E-01
            -1.1734890598E-01   5.4027746318E+00   2.2276193443E+00   3.7118662458E-01
            -1.0488490899E-01   5.3917353031E+00   2.2089705235E+00   3.7847004790E-01
            -9.2254165171E-02   5.3807723898E+00   2.1903889192E+00   3.8896336702E-01
            -7.9475804495E-02   5.3698805889E+00   2.1718665012E+00   4.0383826894E-01
            -6.6569114664E-02   5.3590535728E+00   2.1533951336E+00   4.2467919162E-01
            -5.3552576079E-02   5.3482845352E+00   2.1349669939E+00   4.5361210284E-01
            -4.0443200851E-02   5.3375666423E+00   2.1165748711E+00   4.9346593156E-01
            -2.7256145532E-02   5.3268933749E+00   2.0982123461E+00   5.4797420815E-01
            -1.4004549389E-02   5.3162587617E+00   2.0798738682E+00   6.2203027712E-01
            -6.9954471578E-04   5.3056575134E+00   2.0615547501E+00   7.2202184387E-01
             1.2649611270E-02   5.2950850761E+00   2.0432511057E+00   8.5629300857E-01
             2.6035325745E-02   5.2845376163E+00   2.0249597527E+00   1.0358160520E+00
             3.9451414862E-02   5.2740119537E+00   2.0066780987E+00   1.2751973479E+00
             5.2892831135E-02   5.2635054528E+00   1.9884040271E+00   1.5941775221E+00
             6.6355399132E-02   5.2530158884E+00   1.9701357965E+00   2.0197854659E+00
             7.9835586186E-02   5.2425413067E+00   1.9518719618E+00   2.5892236990E+00
             9.3330333448E-02   5.2320799104E+00   1.9336113223E+00   3.3533580599E+00
             1.0683696156E-01   5.2216299970E+00   1.9153528917E+00   4.3804032643E+00
             1.2035314400E-01   5.2111899617E+00   1.8970958804E+00   5.7593820977E+00
             1.3387691927E-01   5.2007583551E+00   1.8788396738E+00   7.6041185339E+00
             1.4740670251E-01   5.1903339599E+00   1.8605837996E+00   1.0062073520E+01
             1.6094126056E-01   5.1799158377E+00   1.8423278837E+00   1.3336970866E+01
             1.7447963199E-01   5.1695032874E+00   1.8240716166E+00   1.7730683869E+01
             1.8802101572E-01   5.1590957036E+00   1.8058147514E+00   2.3680694785E+01
             2.0156470436E-01   5.1486924492E+00   1.7875571285E+00   3.1723337092E+01
             2.1511012836E-01   5.1382929652E+00   1.7692986450E+00   4.2433547254E+01
             2.2865694655E-01   5.1278971434E+00   1.7510391104E+00   5.6890599746E+01
             2.4220493343E-01   5.1175051175E+00   1.7327782822E+00   7.6695744932E+01
             2.5575399707E-01   5.1071174924E+00   1.7145157491E+00   1.0343882515E+02
             2.6456169483E-01   5.1003689612E+00   1.7026435315E+00   1.1768741359E+02
            493 sample points along IAS +EV1 path from BCP
            -1.7668628092E-01   5.4591583872E+00   2.3220757351E+00   3.5979712894E-01
            -1.8718619100E-01   5.4776465000E+00   2.3046347303E+00   3.5947676114E-01
            -1.9667582673E-01   5.4943677579E+00   2.2886552289E+00   3.5863107870E-01
            -2.0611499066E-01   5.5110085171E+00   2.2725621997E+00   3.5726261224E-01
            -2.1550725736E-01   5.5275714747E+00   2.2563618221E+00   3.5538021423E-01
            -2.2485749191E-01   5.5440602832E+00   2.2400617914E+00   3.5299620082E-01
            -2.3417181079E-01   5.5604795008E+00   2.2236711937E+00   3.5012608095E-01
            -2.4345749884E-01   5.5768345375E+00   2.2072003724E+00   3.4678823478E-01
            -2.5272289648E-01   5.5931315827E+00   2.1906607796E+00   3.4300355249E-01
            -2.6197725917E-01   5.6093775119E+00   2.1740648113E+00   3.3879504640E-01
            -2.7123058931E-01   5.6255797676E+00   2.1574256242E+00   3.3418744960E-01
            -2.8049344207E-01   5.6417462191E+00   2.1407569332E+00   3.2920681488E-01
            -2.8977670767E-01   5.6578850007E+00   2.1240727910E+00   3.2388012710E-01
            -2.9909137496E-01   5.6740043331E+00   2.1073873494E+00   3.1823494144E-01
            -3.0844828345E-01   5.6901123352E+00   2.0907146079E+00   3.1229905761E-01
            -3.1785787255E-01   5.7062168338E+00   2.0740681550E+00   3.0610023845E-01
            -3.2732993904E-01   5.7223251798E+00   2.0574609096E+00   2.9966597768E-01
            -3.3687341409E-01   5.7384440807E+00   2.0409048726E+00   2.9302331864E-01
            -3.4649617135E-01   5.7545794592E+00   2.0244108998E+00   2.8619872209E-01
            -3.5620487627E-01   5.7707363444E+00   2.0079885085E+00   2.7921797819E-01
            -3.6600488429E-01   5.7869188023E+00   1.9916457259E+00   2.7210615465E-01
            -3.7590019238E-01   5.8031299071E+00   1.9753889900E+00   2.6488757154E-01
            -3.8589344461E-01   5.8193717537E+00   1.9592231083E+00   2.5758579223E-01
            -3.9598598846E-01   5.8356455071E+00   1.9431512740E+00   2.5022362019E-01
            -4.0617797555E-01   5.8519514833E+00   1.9271751392E+00   2.4282309302E-01
            -4.1646849762E-01   5.8682892544E+00   1.9112949388E+00   2.3540546678E-01
            -4.2685574749E-01   5.8846577693E+00   1.8955096545E+00   2.2799118690E-01
            -4.3733719408E-01   5.9010554815E+00   1.8798172089E+00   2.2059984412E-01
            -4.4790976146E-01   5.9174804777E+00   1.8642146784E+00   2.1325011699E-01
            -4.5857000299E-01   5.9339306005E+00   1.8486985105E+00   2.0595970399E-01
            -4.6931426366E-01   5.9504035607E+00   1.8332647386E+00   1.9874525020E-01
            -4.8013882529E-01   5.9668970359E+00   1.8179091818E+00   1.9162227366E-01
            -4.9104003171E-01   5.9834087544E+00   1.8026276263E+00   1.8460509679E-01
            -5.0201439200E-01   5.9999365629E+00   1.7874159813E+00   1.7770678789E-01
            -5.1305866181E-01   6.0164784789E+00   1.7722704084E+00   1.7093911620E-01
            -5.2416990352E-01   6.0330327288E+00   1.7571874231E+00   1.6431252372E-01
            -5.3534552671E-01   6.0495977718E+00   1.7421639688E+00   1.5783611490E-01
            -5.4658331097E-01   6.0661723131E+00   1.7271974657E+00   1.5151766491E-01
            -5.5788141334E-01   6.0827553058E+00   1.7122858362E+00   1.4536364564E-01
            -5.6923836244E-01   6.0993459450E+00   1.6974275091E+00   1.3937926812E-01
            -5.8065304188E-01   6.1159436543E+00   1.6826214074E+00   1.3356853925E-01
            -5.9212466475E-01   6.1325480661E+00   1.6678669204E+00   1.2793433053E-01
            -6.0365274148E-01   6.1491589989E+00   1.6531638637E+00   1.2247845606E-01
            -6.1523704268E-01   6.1657764297E+00   1.6385124312E+00   1.1720175740E-01
            -6.2687755879E-01   6.1824004654E+00   1.6239131391E+00   1.1210419255E-01
            -6.3857445794E-01   6.1990313121E+00   1.6093667655E+00   1.0718492695E-01
            -6.5032804333E-01   6.2156692450E+00   1.5948742880E+00   1.0244242437E-01
            -6.6213871133E-01   6.2323145778E+00   1.5804368198E+00   9.7874535843E-02
            -6.7400691136E-01   6.2489676337E+00   1.5660555469E+00   9.3478585404E-02
            -6.8593310831E-01   6.2656287176E+00   1.5517316666E+00   8.9251451257E-02
            -6.9791774829E-01   6.2822980905E+00   1.5374663298E+00   8.5189641658E-02
            -7.0996122833E-01   6.2989759466E+00   1.5232605875E+00   8.1289364835E-02
            -7.2206387036E-01   6.3156623924E+00   1.5091153417E+00   7.7546592575E-02
            -7.3422589986E-01   6.3323574294E+00   1.4950313023E+00   7.3957117317E-02
            -7.4644742935E-01   6.3490609393E+00   1.4810089500E+00   7.0516602734E-02
            -7.5872844675E-01   6.3657726719E+00   1.4670485062E+00   6.7220627950E-02
            -7.7106880848E-01   6.3824922368E+00   1.4531499087E+00   6.4064725652E-02
            -7.8346823722E-01   6.3992190973E+00   1.4393127954E+00   6.1044414434E-02
            -7.9592632398E-01   6.4159525665E+00   1.4255364933E+00   5.8155225808E-02
            -8.0844253412E-01   6.4326918066E+00   1.4118200157E+00   5.5392726335E-02
            -8.2101621702E-01   6.4494358297E+00   1.3981620641E+00   5.2752535377E-02
            -8.3364661873E-01   6.4661835010E+00   1.3845610371E+00   5.0230338979E-02
            -8.4633289737E-01   6.4829335429E+00   1.3710150437E+00   4.7821900392E-02
            -8.5907414058E-01   6.4996845408E+00   1.3575219223E+00   4.5523067736E-02
            -8.7186938474E-01   6.5164349501E+00   1.3440792633E+00   4.3329779260E-02
            -8.8471763532E-01   6.5331831033E+00   1.3306844354E+00   4.1238066671E-02
            -8.9761788809E-01   6.5499272187E+00   1.3173346151E+00   3.9244056901E-02
            -9.1056915080E-01   6.5666654084E+00   1.3040268186E+00   3.7343972701E-02
            -9.2357046481E-01   6.5833956876E+00   1.2907579351E+00   3.5534132367E-02
            -9.3662092673E-01   6.6001159830E+00   1.2775247623E+00   3.3810948870E-02
            -9.4971970940E-01   6.6168241424E+00   1.2643240418E+00   3.2170928622E-02
            -9.6286608243E-01   6.6335179432E+00   1.2511524958E+00   3.0610670055E-02
            -9.7605943169E-01   6.6501951018E+00   1.2380068631E+00   2.9126862158E-02
