 AIMExt (Version 19.10.12, Professional)
 Portions Copyright (c) 1997-2019 by Todd A. Keith
 AIMExt is a component of the AIMAll package ( http://aim.tkgristmill.com )

 TP:  64-bit Linux

 Licensed To:  Paul Popelier at University of Manchester, UK

 AIMExt is a heavily modified and extended version of the EXTREME program
 developed by members of R.F.W. Bader's research group

 Much of the Quantum Theory of Atoms in Molecules (QTAIM) is described in the book:
   "Atoms in Molecules - A Quantum Theory"
   R.F.W. Bader, Oxford University Press, Oxford, 1990

 For additional references see:  http://aim.tkgristmill.com/references.html

 Wfn File:  /gpfs01/scratch/mbdxwym4/urea_631g_sample_set_5000K/10k_random_sample_set_5000K_PARENT/10k_random_sample_set_5000K1/10k_random_sample_set_5000K05000/10k_random_sample_set_5000K05000.wfn
 ExtOut File:  /gpfs01/scratch/mbdxwym4/urea_631g_sample_set_5000K/10k_random_sample_set_5000K_PARENT/10k_random_sample_set_5000K1/10k_random_sample_set_5000K05000/10k_random_sample_set_5000K05000.extout
 Mgp File:  /gpfs01/scratch/mbdxwym4/urea_631g_sample_set_5000K/10k_random_sample_set_5000K_PARENT/10k_random_sample_set_5000K1/10k_random_sample_set_5000K05000/10k_random_sample_set_5000K05000.mgp

 MgpViz File:  /gpfs01/scratch/mbdxwym4/urea_631g_sample_set_5000K/10k_random_sample_set_5000K_PARENT/10k_random_sample_set_5000K1/10k_random_sample_set_5000K05000/10k_random_sample_set_5000K05000.mgpviz

 Wfn Title:  10k_random_sample_set_5000K05000
 Job Title:  Auto

Nuclear Charges and Cartesian Coordinates:
-------------------------------------------------------------------------------
Atom      Charge                X                  Y                  Z
-------------------------------------------------------------------------------
C1         6.0          -5.5425667200E+00   1.7517761200E+00   9.8643704000E-01
O2         8.0          -6.4439660800E+00   7.2754456000E-01   2.6342782200E+00
N3         7.0          -4.3236933700E+00   3.9155125300E+00   1.4116254200E+00
N4         7.0          -5.8751585200E+00   5.3668222000E-01  -1.5117809000E+00
H5         1.0          -7.1450544800E+00  -4.3085756000E-01  -1.7555555700E+00
H6         1.0          -5.0909221800E+00   8.1447196000E-01  -3.1804090700E+00
H7         1.0          -4.3766057000E+00   5.0795838200E+00   2.8515967200E+00
H8         1.0          -2.9498624800E+00   3.7624447100E+00  -3.5526851000E-01

Total number of electron density critical points found =     15

Electron Density Critical Point Analysis of Molecular Structure:
---------------------------------------------------------------
  NACP = Nuclear Attractor Critical Point
  NNACP = Non-Nuclear Attractor Critical Point
  BCP = Bond Critical Point
  RCP = Ring Critical Point
  CCP = Cage Critical Point
  Rho = Electron Density
  GradRho = Gradient of Electron Density
  HessRho_EigVals = Eigenvalues of the Hessian of Rho, Ascending Order
  HessRho_EigVecs = Eigenvectors of the Hessian of Rho
  DelSqRho = Laplacian of Rho = Trace of Hessian of Rho
  Bond Ellipticity = (HessRho_EigVal(1) / HessRho_EigVal(2)) - 1
  V = Virial Field = Potential Energy Density = Trace of Stress Tensor
  G = Lagrangian Form of Kinetic Energy Density
  K = Hamiltonian Form of Kinetic Energy Density
  L = K - G = Lagrangian Density = (-1/4)DelSqRho
  Vnuc = Electrostatic Potential from Nuclei
  Ven = Electron-nuclear attractive contribution to Virial Field V
  Vrep = V - Ven = Repulsive contribution to Virial Field V
  DelSqV = Laplacian of V
  DelSqVen = Laplacian of Ven
  DelSqVrep = Laplacian of Vrep
  DelSqG = Laplacian of G
  DelSqK = Laplacian of K
  Stress_EigVals = Eigenvalues of Stress Tensor, Ascending Order
  Stress_EigVecs = Eigenvectors of Stress Tensor
  -DivStress = Ehrenfest Force Density = Minus Divergence of Stress Tensor
  ESP = Total Electrostatic Potential
  ESPe = Electrostatic Potential from Electrons
  ESPn = Electrostatic Potential from Nuclei
  BP = Bond Path
  BPL = Bond Path Length
  GBL = Geometric Bond Length
  GBL_I = Distance Between Nuclear Attractors
  GBL_II = Distance Between Nuclei
  GBL_III = Sum of Distances Between BCP and Nuclear Attractors
  GBL_IV = Sum of Distances Between BCP and Nuclei

CP# 1      Coords = -5.54256494443298E+00  1.75177721033812E+00  9.86431839026214E-01
           Type = (3,-3) NACP C1
           Rho =  1.1768091440E+02     Rho at Nucleus =  1.1768091213E+02
           GradRho = -4.2809311651E-11  7.6623152268E-12  3.8555825199E-12
           HessRho_EigVals = -1.4498925857E+05 -1.4498896198E+05 -1.4498775403E+05
           HessRho_EigVec1 =  8.2270076828E-01 -5.5445125960E-01  1.2548803370E-01
           HessRho_EigVec2 =  2.7416672604E-01  5.8036421581E-01  7.6681809013E-01
           HessRho_EigVec3 = -4.9799202023E-01 -5.9645718852E-01  6.2947817282E-01
           DelSqRho = -4.3496597459E+05
           Bond Ellipticity = NA
           V = -1.0875164392E+05
           G =  5.0751344971E+00
           K =  1.0874656878E+05
           L =  1.0874149365E+05
           Vnuc =  1.0708991450E+06
           Ven = -1.2602439062E+08
           Vrep =  1.2591563898E+08
           DelSqV =  2.4949698876E+09
           DelSqVen =  4.6580469453E+11
           DelSqVrep = -4.6330972464E+11
           DelSqG =  1.3399647467E+08
           DelSqK = -2.6289663622E+09
           Stress_EigVals = -3.6251048681E+04 -3.6250478876E+04 -3.6250116359E+04
           Stress_EigVec1 =  4.8589613377E-01  6.1551831709E-01 -6.2051764561E-01
           Stress_EigVec2 =  2.3143585159E-01  5.9400866063E-01  7.7044867298E-01
           Stress_EigVec3 =  8.4281812616E-01 -5.1796806121E-01  1.4617350574E-01
           -DivStress = -1.4374311135E+03 -8.8342150425E+02  4.2150017569E+03
           ESP =  -1.4607138728E+01     ESP at Nucleus =  -1.4607138761E+01
           ESPe = -2.4651816087E+01     ESPe at Nucleus = -2.4651820116E+01
           ESPn =  1.0044677360E+01     ESPn at Nucleus =  1.0044681355E+01

CP# 2      Coords = -6.44396295628934E+00  7.27548861841732E-01  2.63427119119633E+00
           Type = (3,-3) NACP O2
           Rho =  2.9017653391E+02     Rho at Nucleus =  2.9017650906E+02
           GradRho =  1.3175149860E-10  2.1828538976E-11  1.1612621975E-10
           HessRho_EigVals = -6.3992405350E+05 -6.3992147580E+05 -6.3990718139E+05
           HessRho_EigVec1 =  6.5905666124E-01 -6.4365201329E-01  3.8904550256E-01
           HessRho_EigVec2 = -6.5471575394E-01 -2.3643391131E-01  7.1794588036E-01
           HessRho_EigVec3 =  3.7012376148E-01  7.2788123439E-01  5.7723245734E-01
           DelSqRho = -1.9197527107E+06
           Bond Ellipticity = NA
           V = -4.8003334079E+05
           G =  4.7581557288E+01
           K =  4.7998575923E+05
           L =  4.7993817767E+05
           Vnuc =  9.0776553944E+05
           Ven = -2.6341225784E+08
           Vrep =  2.6293222450E+08
           DelSqV =  1.9796836145E+10
           DelSqVen =  1.7426853535E+12
           DelSqVrep = -1.7228885173E+12
           DelSqG =  1.0587129849E+09
           DelSqK = -2.0855549130E+10
           Stress_EigVals = -1.6001364048E+05 -1.6001024025E+05 -1.6000946006E+05
           Stress_EigVec1 =  3.7202025606E-01  7.2952573637E-01  5.7392780822E-01
           Stress_EigVec2 = -6.2077729469E-01 -2.6414666241E-01  7.3814774344E-01
           Stress_EigVec3 =  6.9009889109E-01 -6.3088726465E-01  3.5460510404E-01
           -DivStress = -2.0116191770E+04 -2.7692349725E+04  4.5250570933E+04
           ESP =  -2.2351220469E+01     ESP at Nucleus =  -2.2351221723E+01
           ESPe = -2.9342397029E+01     ESPe at Nucleus = -2.9342379839E+01
           ESPn =  6.9911765600E+00     ESPn at Nucleus =  6.9911581150E+00

CP# 3      Coords = -4.32369141881762E+00  3.91551164487044E+00  1.41162355986853E+00
           Type = (3,-3) NACP N3
           Rho =  1.9047749023E+02     Rho at Nucleus =  1.9047748894E+02
           GradRho = -1.1198930672E-10 -5.2675641626E-12 -1.6864565300E-11
           HessRho_EigVals = -3.2046416284E+05 -3.2046264296E+05 -3.2045297699E+05
           HessRho_EigVec1 = -4.1399224127E-01  3.6535837629E-01  8.3374077569E-01
           HessRho_EigVec2 =  6.6680907830E-01  7.4521477558E-01  4.5377706552E-03
           HessRho_EigVec3 =  6.1965803253E-01 -5.5782452002E-01  5.5213741731E-01
           DelSqRho = -9.6137978279E+05
           Bond Ellipticity = NA
           V = -2.4038024997E+05
           G =  1.7652135079E+01
           K =  2.4036259783E+05
           L =  2.4034494570E+05
           Vnuc =  2.4670824613E+06
           Ven = -4.6992367544E+08
           Vrep =  4.6968329519E+08
           DelSqV =  7.5475381041E+09
           DelSqVen =  2.3718031995E+12
           DelSqVrep = -2.3642556593E+12
           DelSqG =  4.0444626660E+08
           DelSqK = -7.9519843707E+09
           Stress_EigVals = -8.0128231523E+04 -8.0126241676E+04 -8.0125776770E+04
           Stress_EigVec1 = -6.1647263966E-01  5.5927385250E-01 -5.5423302180E-01
           Stress_EigVec2 =  4.6446775146E-01  8.2668782721E-01  3.1757982334E-01
           Stress_EigVec3 =  6.3579178384E-01 -6.1644093424E-02 -7.6939509574E-01
           -DivStress = -4.7762475010E+03  2.1822740811E+03  4.5603048880E+03
           ESP =  -1.8303433204E+01     ESP at Nucleus =  -1.8303433180E+01
           ESPe = -2.5484310153E+01     ESPe at Nucleus = -2.5484310076E+01
           ESPn =  7.1808769489E+00     ESPn at Nucleus =  7.1808768952E+00

CP# 4      Coords = -5.87515772309616E+00  5.36684933498027E-01 -1.51178158180421E+00
           Type = (3,-3) NACP N4
           Rho =  1.9056777112E+02     Rho at Nucleus =  1.9056776977E+02
           GradRho = -1.9080959035E-11 -8.8630214279E-12  3.4882319255E-11
           HessRho_EigVals = -3.2065398273E+05 -3.2065117175E+05 -3.2064313593E+05
           HessRho_EigVec1 =  6.9825195495E-02  3.5568488675E-01  9.3199393958E-01
           HessRho_EigVec2 =  7.9782801373E-01  5.4092666041E-01 -2.6621196173E-01
           HessRho_EigVec3 = -5.9882794071E-01  7.6215917590E-01 -2.4600505690E-01
           DelSqRho = -9.6194829041E+05
           Bond Ellipticity = NA
           V = -2.4052326262E+05
           G =  1.8095007188E+01
           K =  2.4050516761E+05
           L =  2.4048707260E+05
           Vnuc =  2.4062322820E+06
           Ven = -4.5855032279E+08
           Vrep =  4.5830979952E+08
           DelSqV =  7.5520532794E+09
           DelSqVen =  2.3146710139E+12
           DelSqVrep = -2.3071189606E+12
           DelSqG =  4.0473796507E+08
           DelSqK = -7.9567912445E+09
           Stress_EigVals = -8.0175698628E+04 -8.0174157048E+04 -8.0173406940E+04
           Stress_EigVec1 = -6.0668422733E-01  7.5514063253E-01 -2.4838855328E-01
           Stress_EigVec2 =  7.9488754186E-01  5.7995594428E-01 -1.7833927916E-01
           Stress_EigVec3 = -9.3831818946E-03  3.0563659433E-01  9.5210200509E-01
           -DivStress = -1.9686821030E+03 -6.6598771220E+03  1.6575280217E+03
           ESP =  -1.8346980960E+01     ESP at Nucleus =  -1.8346980929E+01
           ESPe = -2.5413041636E+01     ESPe at Nucleus = -2.5413041124E+01
           ESPn =  7.0660606756E+00     ESPn at Nucleus =  7.0660601948E+00

CP# 5      Coords = -7.08547722383527E+00 -3.85129229382250E-01 -1.74234965985799E+00
           Type = (3,-3) NACP H5
           Rho =  5.4907571740E-01     Rho at Nucleus =  5.3073597247E-01
           GradRho =  1.6529468766E-11  1.2681262290E-11  3.6621487093E-12
           HessRho_EigVals = -7.5576977333E+00 -7.4859868793E+00 -5.4780954515E+00
           HessRho_EigVec1 = -2.6932066544E-01  7.3037154661E-02  9.6027701899E-01
           HessRho_EigVec2 = -5.6298029970E-01  7.9705919553E-01 -2.1851732420E-01
           HessRho_EigVec3 =  7.8135751185E-01  5.9946827511E-01  1.7354603371E-01
           DelSqRho = -2.0521780064E+01
           Bond Ellipticity = NA
           V = -5.2219138740E+00
           G =  4.5734429012E-02
           K =  5.1761794450E+00
           L =  5.1304450160E+00
           Vnuc =  2.2826481843E+01
           Ven = -1.2533466894E+01
           Vrep =  7.3115530196E+00
           DelSqV =  6.9930236917E+02
           DelSqVen =  4.6844004002E+02
           DelSqVrep =  2.3086232915E+02
           DelSqG =  6.6412929571E+01
           DelSqK = -7.6571529874E+02
           Stress_EigVals = -1.9288432165E+00 -1.9156794741E+00 -1.3773911835E+00
           Stress_EigVec1 = -5.5507517337E-01  7.9458833293E-01 -2.4601002637E-01
           Stress_EigVec2 = -2.8758416932E-01  9.4192617079E-02  9.5311232100E-01
           Stress_EigVec3 =  7.8050425845E-01  5.9979757590E-01  1.7622704242E-01
           -DivStress = -1.4256181597E+01 -1.0941843098E+01 -3.1831710782E+00
           ESP =  -1.0030309030E+00     ESP at Nucleus =  -1.0324338686E+00
           ESPe = -1.0715732138E+01     ESPe at Nucleus = -1.0469900972E+01
           ESPn =  9.7127012347E+00     ESPn at Nucleus =  9.4374671033E+00

CP# 6      Coords = -5.11408135668669E+00  8.08008261767825E-01 -3.12881936028977E+00
           Type = (3,-3) NACP H6
           Rho =  4.3680228948E-01     Rho at Nucleus =  4.2754383044E-01
           GradRho = -4.2658638601E-10 -1.2132013102E-10  9.4958682584E-10
           HessRho_EigVals = -6.4890877217E+00 -6.4530593189E+00 -5.3081900622E+00
           HessRho_EigVec1 =  6.4758105973E-01  6.6044091433E-01  3.8007442661E-01
           HessRho_EigVec2 = -6.4337389034E-01  7.4116356860E-01 -1.9169403176E-01
           HessRho_EigVec3 = -4.0829989996E-01 -1.2039253824E-01  9.0487392958E-01
           DelSqRho = -1.8250337103E+01
           Bond Ellipticity = NA
           V = -4.6096368762E+00
           G =  2.3526300231E-02
           K =  4.5861105759E+00
           L =  4.5625842757E+00
           Vnuc =  2.6184361892E+01
           Ven = -1.1437389223E+01
           Vrep =  6.8277523471E+00
           DelSqV =  6.6337591215E+02
           DelSqVen =  4.7787343200E+02
           DelSqVrep =  1.8550248015E+02
           DelSqG =  6.4713695330E+01
           DelSqK = -7.2808960748E+02
           Stress_EigVals = -1.6414419085E+00 -1.6345088339E+00 -1.3336861338E+00
           Stress_EigVec1 = -6.5040109598E-01  7.3297842156E-01 -1.9930139957E-01
           Stress_EigVec2 =  6.4069868627E-01  6.7031974674E-01  3.7440169677E-01
           Stress_EigVec3 = -4.0802402841E-01 -1.1581912904E-01  9.0559500969E-01
           -DivStress =  5.0100696406E+00  1.3889468424E+00 -1.1169032878E+01
           ESP =  -1.0228861809E+00     ESP at Nucleus =  -1.0285895756E+00
           ESPe = -9.6380221038E+00     ESPe at Nucleus = -9.4808321368E+00
           ESPn =  8.6151359229E+00     ESPn at Nucleus =  8.4522425612E+00

CP# 7      Coords = -4.37410589981562E+00  5.03950944254142E+00  2.80333491352145E+00
           Type = (3,-3) NACP H7
           Rho =  4.1943151404E-01     Rho at Nucleus =  4.0882842576E-01
           GradRho =  5.0598414347E-14 -8.2750993557E-13 -9.9725609715E-13
           HessRho_EigVals = -6.1893497191E+00 -6.1551004031E+00 -4.9098768501E+00
           HessRho_EigVec1 =  7.5661403178E-01  5.2126636618E-01 -3.9473609210E-01
           HessRho_EigVec2 = -6.5280578938E-01  5.6791149931E-01 -5.0131938952E-01
           HessRho_EigVec3 = -3.7145770578E-02  6.3699129071E-01  7.6997551083E-01
           DelSqRho = -1.7254326972E+01
           Bond Ellipticity = NA
           V = -4.3569380951E+00
           G =  2.1678176007E-02
           K =  4.3352599191E+00
           L =  4.3135817431E+00
           Vnuc =  2.4665430271E+01
           Ven = -1.0345458763E+01
           Vrep =  5.9885206678E+00
           DelSqV =  6.1900196109E+02
           DelSqVen =  4.2558539881E+02
           DelSqVrep =  1.9341656228E+02
           DelSqG =  6.0386550152E+01
           DelSqK = -6.7938851124E+02
           Stress_EigVals = -1.5666639198E+00 -1.5588484077E+00 -1.2314257677E+00
           Stress_EigVec1 =  6.5176618695E-01 -5.6671752723E-01  5.0401595400E-01
           Stress_EigVec2 =  7.5745061909E-01  5.1998847709E-01 -3.9481710113E-01
           Stress_EigVec3 = -3.8332717091E-02  6.3909563293E-01  7.6817144881E-01
           -DivStress = -5.1192495990E-01  8.2147466035E+00  9.8773929325E+00
           ESP =  -9.7246592535E-01     ESP at Nucleus =  -9.7904125200E-01
           ESPe = -9.7094147104E+00     ESPe at Nucleus = -9.5332594741E+00
           ESPn =  8.7369487851E+00     ESPn at Nucleus =  8.5542182221E+00

CP# 8      Coords = -2.97204287562455E+00  3.76716046107125E+00 -3.25141255351834E-01
           Type = (3,-3) NACP H8
           Rho =  3.3487485048E-01     Rho at Nucleus =  3.3137652331E-01
           GradRho = -2.6385794591E-14  6.3022503882E-15  3.6127567951E-14
           HessRho_EigVals = -5.2948607795E+00 -5.2796153855E+00 -4.7709997357E+00
           HessRho_EigVec1 =  5.3931587628E-01  7.9016588835E-01  2.9116362150E-01
           HessRho_EigVec2 =  5.9718331642E-01 -6.0264749012E-01  5.2932796001E-01
           HessRho_EigVec3 = -5.9372592346E-01  1.1159691548E-01  7.9689124495E-01
           DelSqRho = -1.5345475901E+01
           Bond Ellipticity = NA
           V = -3.8565459378E+00
           G =  1.0088481287E-02
           K =  3.8464574565E+00
           L =  3.8363689752E+00
           Vnuc =  3.5061952482E+01
           Ven = -1.1741366095E+01
           Vrep =  7.8848201573E+00
           DelSqV =  5.8095806818E+02
           DelSqVen =  5.3804234685E+02
           DelSqVrep =  4.2915721334E+01
           DelSqG =  5.9028420501E+01
           DelSqK = -6.3998648869E+02
           Stress_EigVals = -1.3302492064E+00 -1.3284786911E+00 -1.1978180403E+00
           Stress_EigVec1 = -5.1778117195E-01  7.0041944611E-01 -4.9123849348E-01
           Stress_EigVec2 =  6.2271337951E-01  7.0229184360E-01  3.4498436689E-01
           Stress_EigVec3 = -5.8662654641E-01  1.2727437263E-01  7.9979405419E-01
           -DivStress =  4.0740488960E+00 -8.8314321417E-01 -5.5445268123E+00
           ESP =  -9.7214411885E-01     ESP at Nucleus =  -9.7021644388E-01
           ESPe = -9.5142124406E+00     ESPe at Nucleus = -9.4364934016E+00
           ESPn =  8.5420683218E+00     ESPn at Nucleus =  8.4662769578E+00

CP# 9      Coords = -5.85042153832056E+00  1.40645085849820E+00  1.53187889395864E+00
           Type = (3,-1) BCP O2 C1
           Rho =  4.9199790418E-01
           GradRho =  2.7255975255E-14  2.9726221484E-14 -4.6074255522E-14
           HessRho_EigVals = -1.5291270482E+00 -1.3490814615E+00  3.8010961300E+00
           HessRho_EigVec1 = -3.2391634503E-01 -7.1398219010E-01 -6.2073153105E-01
           HessRho_EigVec2 =  8.4621216984E-01 -5.1205331653E-01  1.4739865890E-01
           HessRho_EigVec3 = -4.2308765645E-01 -4.7752574092E-01  7.7004285707E-01
           DelSqRho =  9.2288762031E-01
           Bond Ellipticity =  1.3345790587E-01
           V = -1.9547092724E+00
           G =  1.0927155888E+00
           K =  8.6199368369E-01
           L = -2.3072190508E-01
           Vnuc =  1.9536293456E+01
           Ven = -9.6118154358E+00
           Vrep =  7.6571061633E+00
           DelSqV = -3.3918225001E+01
           DelSqVen = -1.8029803377E+01
           DelSqVrep = -1.5888421624E+01
           DelSqG =  6.1161868988E+01
           DelSqK = -2.7243643987E+01
           Stress_EigVals = -8.0671878696E-01 -7.8696464571E-01 -3.6102583978E-01
           Stress_EigVec1 =  8.5456145667E-01 -4.9863294483E-01  1.4522363137E-01
           Stress_EigVec2 =  3.2389511627E-01  7.3027454023E-01  6.0149068950E-01
           Stress_EigVec3 = -4.0597619442E-01 -4.6697353482E-01  7.8556925051E-01
           -DivStress =  9.5420974316E-01  1.0712506587E+00 -1.6946769702E+00
           ESP =   2.7091894132E+00
           ESPe = -1.6827104043E+01
           ESPn =  1.9536293456E+01
           BPL =  2.1397347486E+00 =  1.4245084077E+00 +  7.1522634097E-01
           GBL_I =  2.1393776236E+00
           GBL_II =  2.1393811370E+00
           GBL_III =  2.1394621666E+00 =  1.4242429964E+00 +  7.1521917019E-01
           GBL_IV =  2.1394657023E+00 =  1.4242517892E+00 +  7.1521391307E-01
             58 sample points along path from BCP to atom O2
            -5.8504215383E+00   1.4064508585E+00   1.5318788940E+00   4.9199790418E-01
            -5.8609834777E+00   1.3945191530E+00   1.5511423227E+00   4.9307370495E-01
            -5.8715135664E+00   1.3825999462E+00   1.5704309094E+00   4.9591812185E-01
            -5.8820091595E+00   1.3706927435E+00   1.5897456934E+00   5.0008026319E-01
            -5.8924692038E+00   1.3587962927E+00   1.6090863698E+00   5.0524016738E-01
            -5.9028932720E+00   1.3469090681E+00   1.6284521265E+00   5.1117576691E-01
            -5.9132816673E+00   1.3350293158E+00   1.6478416231E+00   5.1773859179E-01
            -5.9236354494E+00   1.3231551367E+00   1.6672530355E+00   5.2483590726E-01
            -5.9339563966E+00   1.3112845893E+00   1.6866841457E+00   5.3241749685E-01
            -5.9442469045E+00   1.2994157982E+00   1.7061324658E+00   5.4046574221E-01
            -5.9545098292E+00   1.2875470564E+00   1.7255953863E+00   5.4898800830E-01
            -5.9647482939E+00   1.2756769075E+00   1.7450703279E+00   5.5801061779E-01
            -5.9749654819E+00   1.2638042001E+00   1.7645548821E+00   5.6757390458E-01
            -5.9851644415E+00   1.2519281096E+00   1.7840469233E+00   5.7772798444E-01
            -5.9953479233E+00   1.2400481310E+00   1.8035446869E+00   5.8852898590E-01
            -6.0055182594E+00   1.2281640483E+00   1.8230468106E+00   6.0003555795E-01
            -6.0156772875E+00   1.2162758907E+00   1.8425523443E+00   6.1230552437E-01
            -6.0258263123E+00   1.2043838832E+00   1.8620607385E+00   6.2539259627E-01
            -6.0359660956E+00   1.1924884006E+00   1.8815718194E+00   6.3934309304E-01
            -6.0460968609E+00   1.1805899275E+00   1.9010857613E+00   6.5419266377E-01
            -6.0562183051E+00   1.1686890293E+00   1.9206030607E+00   6.6996305345E-01
            -6.0663296067E+00   1.1567863326E+00   1.9401245202E+00   6.8665902558E-01
            -6.0764294262E+00   1.1448825181E+00   1.9596512411E+00   7.0426564193E-01
            -6.0865158983E+00   1.1329783227E+00   1.9791846277E+00   7.2274621635E-01
            -6.0965866171E+00   1.1210745521E+00   1.9987263993E+00   7.4204140807E-01
            -6.1066386254E+00   1.1091721037E+00   2.0182786065E+00   7.6207010872E-01
            -6.1166684318E+00   1.0972719972E+00   2.0378436361E+00   7.8273301750E-01
            -6.1266720971E+00   1.0853754116E+00   2.0574241836E+00   8.0392011084E-01
            -6.1366454803E+00   1.0734837202E+00   2.0770231423E+00   8.2552363613E-01
            -6.1465847933E+00   1.0615985034E+00   2.0966433239E+00   8.4745886762E-01
            -6.1564877210E+00   1.0497214949E+00   2.1162868604E+00   8.6969578379E-01
            -6.1663554559E+00   1.0378543779E+00   2.1359540718E+00   8.9230627395E-01
            -6.1761959394E+00   1.0259983002E+00   2.1556415865E+00   9.1553379119E-01
            -6.1860280112E+00   1.0141529977E+00   2.1753397885E+00   9.3989603500E-01
            -6.1958845738E+00   1.0023156594E+00   2.1950305322E+00   9.6633692935E-01
            -6.2058108244E+00   9.9048022292E-01   2.2146873645E+00   9.9645255214E-01
            -6.2158542577E+00   9.7863818823E-01   2.2342805668E+00   1.0328270425E+00
            -6.2260495620E+00   9.6678118599E-01   2.2537860611E+00   1.0795281601E+00
            -6.2364083040E+00   9.5490373512E-01   2.2731927509E+00   1.1428264045E+00
            -6.2469200364E+00   9.4300427746E-01   2.2925034730E+00   1.2322144527E+00
            -6.2575613727E+00   9.3108432095E-01   2.3117304066E+00   1.3618153269E+00
            -6.2683054829E+00   9.1914689775E-01   2.3308892437E+00   1.5522905856E+00
            -6.2791279494E+00   9.0719533737E-01   2.3499951029E+00   1.8334408853E+00
            -6.2900090116E+00   8.9523261347E-01   2.3690606584E+00   2.2479350052E+00
            -6.3009336629E+00   8.8326112204E-01   2.3880957630E+00   2.8571565307E+00
            -6.3118908364E+00   8.7128269421E-01   2.4071077991E+00   3.7510829715E+00
            -6.3228723708E+00   8.5929871033E-01   2.4261022713E+00   5.0650911347E+00
            -6.3338720882E+00   8.4731024047E-01   2.4450833876E+00   7.0065145292E+00
            -6.3448851381E+00   8.3531816318E-01   2.4640544918E+00   9.8908069362E+00
            -6.3559076489E+00   8.2332323099E-01   2.4830182955E+00   1.4181296591E+01
            -6.3669365944E+00   8.1132607809E-01   2.5019769526E+00   2.0530031765E+01
            -6.3779696981E+00   7.9932720028E-01   2.5209320984E+00   2.9866144912E+01
            -6.3890052473E+00   7.8732695655E-01   2.5398849558E+00   4.3664475352E+01
            -6.4000418921E+00   7.7532562530E-01   2.5588364866E+00   6.4351673690E+01
            -6.4110786069E+00   7.6332346106E-01   2.5777874491E+00   9.5099006046E+01
            -6.4221145491E+00   7.5132063948E-01   2.5967384452E+00   1.4056745928E+02
            -6.4331487865E+00   7.3931723719E-01   2.6156900662E+00   2.0871985711E+02
            -6.4439629563E+00   7.2754886184E-01   2.6342711912E+00   2.9017653391E+02
             30 sample points along path from BCP to atom C1
            -5.8504215383E+00   1.4064508585E+00   1.5318788940E+00   4.9199790418E-01
            -5.8398298286E+00   1.4183955587E+00   1.5126398793E+00   4.9331718163E-01
            -5.8292105730E+00   1.4303534827E+00   1.4934242778E+00   4.9789323175E-01
            -5.8185655069E+00   1.4423249730E+00   1.4742314176E+00   5.0690155783E-01
            -5.8078973670E+00   1.4543096844E+00   1.4550596311E+00   5.2193321561E-01
            -5.7972088247E+00   1.4663070861E+00   1.4359071549E+00   5.4512432868E-01
            -5.7865024293E+00   1.4783165038E+00   1.4167721888E+00   5.7931877702E-01
            -5.7757805451E+00   1.4903371779E+00   1.3976529694E+00   6.2827180978E-01
            -5.7650453060E+00   1.5023683205E+00   1.3785478337E+00   6.9690831552E-01
            -5.7542985895E+00   1.5144091658E+00   1.3594552670E+00   7.9166219663E-01
            -5.7435420111E+00   1.5264590103E+00   1.3403739346E+00   9.2094614236E-01
            -5.7327769346E+00   1.5385172388E+00   1.3213026936E+00   1.0958356988E+00
            -5.7220044978E+00   1.5505833325E+00   1.3022405852E+00   1.3310938807E+00
            -5.7112256497E+00   1.5626568569E+00   1.2831868079E+00   1.6466977694E+00
            -5.7004411946E+00   1.5747374299E+00   1.2641406725E+00   2.0700259788E+00
            -5.6896518361E+00   1.5868246762E+00   1.2451015494E+00   2.6387796269E+00
            -5.6788582126E+00   1.5989181843E+00   1.2260688210E+00   3.4044996768E+00
            -5.6680609159E+00   1.6110174824E+00   1.2070418570E+00   4.4362621451E+00
            -5.6572604903E+00   1.6231220507E+00   1.1880200213E+00   5.8241426499E+00
            -5.6464574164E+00   1.6352313672E+00   1.1690027123E+00   7.6832978409E+00
            -5.6356520899E+00   1.6473449748E+00   1.1499894162E+00   1.0163161574E+01
            -5.6248448116E+00   1.6594625336E+00   1.1309797476E+00   1.3470821394E+01
            -5.6140358036E+00   1.6715838122E+00   1.1119734342E+00   1.7913497096E+01
            -5.6032252570E+00   1.6837085945E+00   1.0929702309E+00   2.3934565519E+01
            -5.5924133706E+00   1.6958365855E+00   1.0739698377E+00   3.2072624321E+01
            -5.5816003143E+00   1.7079675102E+00   1.0549719831E+00   4.2908685873E+01
            -5.5707861144E+00   1.7201014418E+00   1.0359766999E+00   5.7562127333E+01
            -5.5599707322E+00   1.7322386097E+00   1.0169841576E+00   7.7593939271E+01
            -5.5491539556E+00   1.7443797274E+00   9.9799493438E-01   1.0476038927E+02
            -5.5425649444E+00   1.7517772103E+00   9.8643183903E-01   1.1768091440E+02
            499 sample points along IAS +EV1 path from BCP
            -5.8504215383E+00   1.4064508585E+00   1.5318788940E+00   4.9199790418E-01
            -5.8592142719E+00   1.3869440459E+00   1.5146047220E+00   4.9142037092E-01
            -5.8670008796E+00   1.3694412647E+00   1.4985421978E+00   4.8989884184E-01
            -5.8745892617E+00   1.3521623405E+00   1.4821458927E+00   4.8744385513E-01
            -5.8819791402E+00   1.3351102635E+00   1.4654246374E+00   4.8407964723E-01
            -5.8891711749E+00   1.3182868763E+00   1.4483884164E+00   4.7983886485E-01
            -5.8961670149E+00   1.3016927622E+00   1.4310483240E+00   4.7476190416E-01
            -5.9029693597E+00   1.2853271305E+00   1.4134165294E+00   4.6889611842E-01
            -5.9095820271E+00   1.2691876950E+00   1.3955062499E+00   4.6229491658E-01
            -5.9160100265E+00   1.2532705475E+00   1.3773317325E+00   4.5501677736E-01
            -5.9222596359E+00   1.2375700274E+00   1.3589082423E+00   4.4712420417E-01
            -5.9283384823E+00   1.2220785897E+00   1.3402520612E+00   4.3868264659E-01
            -5.9342556231E+00   1.2067866727E+00   1.3213804935E+00   4.2975941270E-01
            -5.9400216271E+00   1.1916825706E+00   1.3023118821E+00   4.2042259573E-01
            -5.9456486511E+00   1.1767523160E+00   1.2830656342E+00   4.1074003595E-01
            -5.9511505087E+00   1.1619795776E+00   1.2636622575E+00   4.0077833691E-01
            -5.9565427266E+00   1.1473455837E+00   1.2441234059E+00   3.9060195237E-01
            -5.9618425792E+00   1.1328290807E+00   1.2244719336E+00   3.8027235836E-01
            -5.9670690957E+00   1.1184063409E+00   1.2047319552E+00   3.6984732241E-01
            -5.9722430270E+00   1.1040512354E+00   1.1849289052E+00   3.5938028054E-01
            -5.9773867604E+00   1.0897353889E+00   1.1650895900E+00   3.4891983092E-01
            -5.9825241694E+00   1.0754284365E+00   1.1452422193E+00   3.3850935250E-01
            -5.9876803838E+00   1.0610983980E+00   1.1254163996E+00   3.2818675546E-01
            -5.9928814683E+00   1.0467121849E+00   1.1056430720E+00   3.1798437020E-01
            -5.9981540037E+00   1.0322362433E+00   1.0859543668E+00   3.0792897930E-01
            -6.0035245692E+00   1.0176373255E+00   1.0663833548E+00   2.9804199518E-01
            -6.0090191396E+00   1.0028833645E+00   1.0469636727E+00   2.8833978153E-01
            -6.0146624230E+00   9.8794440465E-01   1.0277290146E+00   2.7883411063E-01
            -6.0204771814E+00   9.7279352329E-01   1.0087124964E+00   2.6953274037E-01
            -6.0264835873E+00   9.5740766345E-01   9.8994592203E-01   2.6044008465E-01
            -6.0326986790E+00   9.4176829354E-01   9.7145900387E-01   2.5155794090E-01
            -6.0391359702E+00   9.2586182263E-01   9.5327861122E-01   2.4288623024E-01
            -6.0458052574E+00   9.0967972551E-01   9.3542812640E-01   2.3442370177E-01
            -6.0527126450E+00   8.9321836853E-01   9.1792698469E-01   2.2616855454E-01
            -6.0598607783E+00   8.7647856694E-01   9.0079045151E-01   2.1811893937E-01
            -6.0672492496E+00   8.5946493710E-01   8.8402965752E-01   2.1027331672E-01
            -6.0748751242E+00   8.4218512639E-01   8.6765187668E-01   2.0263066358E-01
            -6.0827335241E+00   8.2464900659E-01   8.5166100120E-01   1.9519053918E-01
            -6.0908182132E+00   8.0686790554E-01   8.3605814806E-01   1.8795303241E-01
            -6.0991221358E+00   7.8885393153E-01   8.2084232598E-01   1.8091862219E-01
            -6.1076378781E+00   7.7061942255E-01   8.0601109723E-01   1.7408798505E-01
            -6.1163580345E+00   7.5217653095E-01   7.9156118264E-01   1.6746178180E-01
            -6.1252754779E+00   7.3353693873E-01   7.7748897476E-01   1.6104045040E-01
            -6.1343835376E+00   7.1471168784E-01   7.6379094032E-01   1.5482402474E-01
            -6.1436760970E+00   6.9571110509E-01   7.5046390727E-01   1.4881199199E-01
            -6.1531476259E+00   6.7654479944E-01   7.3750524093E-01   1.4300319444E-01
            -6.1627931615E+00   6.5722171095E-01   7.2491292107E-01   1.3739577655E-01
            -6.1726082528E+00   6.3775019281E-01   7.1268553483E-01   1.3198717387E-01
            -6.1825888797E+00   6.1813811094E-01   7.0082220217E-01   1.2677413806E-01
            -6.1927313593E+00   5.9839294874E-01   6.8932245071E-01   1.2175279086E-01
            -6.2030322464E+00   5.7852190727E-01   6.7818605604E-01   1.1691869961E-01
            -6.2134882372E+00   5.5853199390E-01   6.6741286243E-01   1.1226696683E-01
            -6.2240960805E+00   5.3843009456E-01   6.5700259753E-01   1.0779232734E-01
            -6.2348525013E+00   5.1822302702E-01   6.4695469277E-01   1.0348924726E-01
            -6.2457541390E+00   4.9791757410E-01   6.3726811940E-01   9.9352020074E-02
            -6.2567975021E+00   4.7752049751E-01   6.2794124815E-01   9.5374856230E-02
            -6.2679789392E+00   4.5703853411E-01   6.1897173822E-01   9.1551963509E-02
            -6.2792946261E+00   4.3647837739E-01   6.1035645912E-01   8.7877616518E-02
            -6.2907405669E+00   4.1584664753E-01   6.0209144678E-01   8.4346214306E-02
            -6.3023126073E+00   3.9514985380E-01   5.9417189304E-01   8.0952325877E-02
            -6.3140064575E+00   3.7439435291E-01   5.8659216623E-01   7.7690723897E-02
            -6.3258177215E+00   3.5358630662E-01   5.7934585867E-01   7.4556407361E-02
            -6.3377419306E+00   3.3273164168E-01   5.7242585624E-01   7.1544614286E-02
            -6.3497745792E+00   3.1183601405E-01   5.6582442441E-01   6.8650825729E-02
            -6.3619111585E+00   2.9090477921E-01   5.5953330520E-01   6.5870762531E-02
            -6.3741471894E+00   2.6994296926E-01   5.5354381940E-01   6.3200376228E-02
            -6.3864782511E+00   2.4895527726E-01   5.4784696946E-01   6.0635835526E-02
            -6.3989000054E+00   2.2794604840E-01   5.4243353866E-01   5.8173509654E-02
            -6.4114082164E+00   2.0691927761E-01   5.3729418346E-01   5.5809949764E-02
            -6.4239987652E+00   1.8587861265E-01   5.3241951649E-01   5.3541869429E-02
            -6.4366676594E+00   1.6482736173E-01   5.2780017871E-01   5.1366125065E-02
            -6.4494110391E+00   1.4376850471E-01   5.2342689995E-01   4.9279697020E-02
            -6.4622251781E+00   1.2270470685E-01   5.1929054752E-01   4.7279671834E-02
            -6.4751064824E+00   1.0163833418E-01   5.1538216353E-01   4.5363226087E-02
            -6.4880514857E+00   8.0571469891E-02   5.1169299135E-01   4.3527612090E-02
            -6.5010568427E+00   5.9505930854E-02   5.0821449251E-01   4.1770145559E-02
            -6.5141193207E+00   3.8443284006E-02   5.0493835506E-01   4.0088195348E-02
            -6.5272357908E+00   1.7384862091E-02   5.0185649484E-01   3.8479175191E-02
            -6.5404032174E+00  -3.6682214281E-03   4.9896105083E-01   3.6940537385E-02
            -6.5536186485E+00  -2.4715058452E-02   4.9624437603E-01   3.5469768270E-02
            -6.5668792055E+00  -4.5754933363E-02   4.9369902498E-01   3.4064385352E-02
            -6.5801820734E+00  -6.6787311165E-02   4.9131773920E-01   3.2721935866E-02
            -6.5935244921E+00  -8.7811826564E-02   4.8909343143E-01   3.1439996598E-02
            -6.6069037484E+00  -1.0882827387E-01   4.8701916987E-01   3.0216174756E-02
            -6.6203171685E+00  -1.2983659757E-01   4.8508816287E-01   2.9048109696E-02
            -6.6337621122E+00  -1.5083688341E-01   4.8329374520E-01   2.7933475308E-02
            -6.6472359685E+00  -1.7182934982E-01   4.8162936606E-01   2.6869982893E-02
            -6.6607361513E+00  -1.9281433943E-01   4.8008857964E-01   2.5855384375E-02
            -6.6742600979E+00  -2.1379231068E-01   4.7866503824E-01   2.4887475683E-02
            -6.6878052679E+00  -2.3476382916E-01   4.7735248852E-01   2.3964100202E-02
            -6.7013691434E+00  -2.5572955872E-01   4.7614477059E-01   2.3083152165E-02
            -6.7149492312E+00  -2.7669025216E-01   4.7503582035E-01   2.2242579912E-02
            -6.7285430652E+00  -2.9764674145E-01   4.7401967457E-01   2.1440388921E-02
            -6.7421482112E+00  -3.1859992746E-01   4.7309047883E-01   2.0674644577E-02
            -6.7557622719E+00  -3.3955076917E-01   4.7224249782E-01   1.9943474619E-02
            -6.7693828930E+00  -3.6050027237E-01   4.7147012771E-01   1.9245071233E-02
            -6.7830077710E+00  -3.8144947797E-01   4.7076791012E-01   1.8577692785E-02
            -6.7966346606E+00  -4.0239945001E-01   4.7013054726E-01   1.7939665175E-02
            -6.8102613838E+00  -4.2335126344E-01   4.6955291764E-01   1.7329382810E-02
            -6.8238858391E+00  -4.4430599184E-01   4.6903009190E-01   1.6745309207E-02
            -6.8375060105E+00  -4.6526469539E-01   4.6855734823E-01   1.6185977236E-02
            -6.8511199770E+00  -4.8622840897E-01   4.6813018680E-01   1.5649989020E-02
            -6.8647259223E+00  -5.0719813089E-01   4.6774434289E-01   1.5136015511E-02
            -6.8783221438E+00  -5.2817481228E-01   4.6739579814E-01   1.4642795764E-02
            -6.8919070605E+00  -5.4915934725E-01   4.6708078984E-01   1.4169135938E-02
            -6.9054792212E+00  -5.7015256413E-01   4.6679581775E-01   1.3713908043E-02
            -6.9190373113E+00  -5.9115521787E-01   4.6653764850E-01   1.3276048469E-02
            -6.9325801579E+00  -6.1216798359E-01   4.6630331734E-01   1.2854556306E-02
            -6.9461067347E+00  -6.3319145154E-01   4.6609012741E-01   1.2448491502E-02
            -6.9596161646E+00  -6.5422612336E-01   4.6589564642E-01   1.2056972872E-02
            -6.9731077214E+00  -6.7527240977E-01   4.6571770112E-01   1.1679175984E-02
            -6.9865808297E+00  -6.9633062952E-01   4.6555436956E-01   1.1314330941E-02
            -7.0000350635E+00  -7.1740100968E-01   4.6540397150E-01   1.0961720098E-02
            -7.0134701430E+00  -7.3848368713E-01   4.6526505730E-01   1.0620675711E-02
            -7.0268859307E+00  -7.5957871111E-01   4.6513639541E-01   1.0290577554E-02
            -7.0402824252E+00  -7.8068604677E-01   4.6501695902E-01   9.9708505232E-03
            -7.0536597552E+00  -8.0180557953E-01   4.6490591189E-01   9.6609622242E-03
            -7.0670181709E+00  -8.2293712016E-01   4.6480259383E-01   9.3604205844E-03
            -7.0803580361E+00  -8.4408041036E-01   4.6470650604E-01   9.0687714832E-03
            -7.0936798187E+00  -8.6523512877E-01   4.6461729649E-01   8.7855964212E-03
            -7.1069840809E+00  -8.8640089722E-01   4.6453474554E-01   8.5105102361E-03
            -7.1202714697E+00  -9.0757728712E-01   4.6445875209E-01   8.2431588744E-03
            -7.1335427063E+00  -9.2876382592E-01   4.6438932019E-01   7.9832172268E-03
            -7.1467985764E+00  -9.4996000334E-01   4.6432654635E-01   7.7303870335E-03
            -7.1600399203E+00  -9.7116527761E-01   4.6427060761E-01   7.4843948648E-03
            -7.1732676230E+00  -9.9237908135E-01   4.6422175039E-01   7.2449901809E-03
            -7.1864826055E+00  -1.0136008272E+00   4.6418028012E-01   7.0119434748E-03
            -7.1996858158E+00  -1.0348299129E+00   4.6414655177E-01   6.7850444998E-03
            -7.2128782204E+00  -1.0560657267E+00   4.6412096113E-01   6.5641005845E-03
            -7.2260607975E+00  -1.0773076512E+00   4.6410393693E-01   6.3489350340E-03
            -7.2392345292E+00  -1.0985550678E+00   4.6409593373E-01   6.1393856207E-03
            -7.2524003956E+00  -1.1198073605E+00   4.6409742554E-01   5.9353031609E-03
            -7.2655593688E+00  -1.1410639190E+00   4.6410890017E-01   5.7365501796E-03
            -7.2787124080E+00  -1.1623241416E+00   4.6413085423E-01   5.5429996596E-03
            -7.2918604546E+00  -1.1835874380E+00   4.6416378869E-01   5.3545338755E-03
            -7.3050044287E+00  -1.2048532312E+00   4.6420820514E-01   5.1710433093E-03
            -7.3181452253E+00  -1.2261209596E+00   4.6426460241E-01   4.9924256458E-03
            -7.3312837116E+00  -1.2473900785E+00   4.6433347382E-01   4.8185848459E-03
            -7.3444207244E+00  -1.2686600617E+00   4.6441530476E-01   4.6494302942E-03
