DL_FIELD v3.00
Units kJ/mol
Molecular types 1
FINAL
nummols 1
atoms 15
O		15.9994000     0.0   1   0
H		1.0079750     0.0   1   0
H		1.0079750     0.0   1   0
O		15.9994000     0.0   1   0
H		1.0079750     0.0   1   0
H		1.0079750     0.0   1   0
O		15.9994000     0.0   1   0
H		1.0079750     0.0   1   0
H		1.0079750     0.0   1   0
O		15.9994000     0.0   1   0
H		1.0079750     0.0   1   0
H		1.0079750     0.0   1   0
O		15.9994000     0.0   1   0
H		1.0079750     0.0   1   0
H		1.0079750     0.0   1   0
BONDS 10
harm 1 2 0.0 0.0
harm 1 3 0.0 0.0
harm 4 5 0.0 0.0
harm 4 6 0.0 0.0
harm 7 8 0.0 0.0
harm 7 9 0.0 0.0
harm 10 11 0.0 0.0
harm 10 12 0.0 0.0
harm 13 14 0.0 0.0
harm 13 15 0.0 0.0
ANGLES 5
harm 2 1 3 0.0 0.0
harm 5 4 6 0.0 0.0
harm 8 7 9 0.0 0.0
harm 11 10 12 0.0 0.0
harm 14 13 15 0.0 0.0
finish
close
